30720 51
31104 63
31104 71
31104 68
31872 71
31872 63
31872 68
32640 71
32640 63
32640 68
33408 70
33408 71
33408 63
33408 68
34176 70
34176 66
34176 63
34944 70
34944 63
34944 66
35712 70
35712 63
35712 66
36480 70
36480 63
36480 66
37248 70
37248 65
37248 74
38016 73
38016 65
38016 70
38016 74
38784 74
38784 65
38784 70
39552 65
39552 70
39552 74
40320 70
40320 63
40320 66
41088 70
41088 63
41088 66
41856 70
41856 66
41856 63
42624 70
42624 63
42624 66
43392 71
43392 63
43392 68
44160 63
44160 71
44160 68
44928 70
44928 71
44928 63
44928 68
45696 63
45696 71
45696 68
46464 70
46464 63
46464 66
47232 70
47232 63
47232 66