17339,2,2,2
17459,2,2,2
17579,2,1,2
17699,2,2,2
17819,1,1,2
17939,1,1,2
18059,1,1,1
18179,1,1,2
18299,1,1,1
18419,2,1,2
18539,1,2,1
18659,1,2,2
18779,2,2,2
18899,2,1,1
19019,2,2,1
19139,2,1,2
19259,2,2,1
19379,2,1,2
19499,2,2,2
19619,1,2,1
19739,1,1,1
19859,2,2,1
19979,1,1,1
20099,2,2,1
20219,1,1,2
20339,2,1,1
20459,2,2,2
20579,2,1,1
20699,1,1,1
20819,2,2,1
20939,1,2,1
21059,2,2,1
21179,1,1,1
21299,1,1,2
21419,2,1,1
21539,1,2,2
21659,2,2,1
21779,1,2,2
21899,1,2,1
22019,2,1,1
22139,1,1,2
22259,2,1,2
22379,1,2,2
22499,2,1,1
22619,1,2,1
22739,1,1,2
22859,1,2,2
22979,1,2,2
23099,1,1,1
23219,2,1,1
23339,1,1,2
23459,1,2,2
23579,1,1,1
23699,1,2,1
23819,2,1,1
23939,1,2,2
24059,2,2,2
24179,1,2,2
24299,1,1,2
24419,1,2,1
24539,2,1,2
24659,2,2,1
24779,2,1,2
24899,2,1,2
25019,1,2,1
25139,2,1,1
25259,1,2,1
25379,2,1,1
25499,2,1,1
25619,1,2,2
25739,2,2,1
25859,1,1,1
25979,1,1,1
26099,1,2,1
26219,1,2,2
26339,1,2,2
26459,1,1,1
26579,2,1,1
26699,2,1,1
26819,2,2,2
26939,1,1,2
27059,2,1,2
27179,1,1,2
27299,1,1,1
27419,1,1,2
27539,1,2,1
27659,1,1,2
27779,2,1,2
27899,2,1,2
28019,2,2,2
28139,1,1,2
28259,2,1,1
28379,2,1,2
28499,2,1,1
28619,2,2,1
28739,1,1,2
28979,0,0,2
29099,2,0,0
29279,1,0,0
29459,2,0,0
29579,0,1,0
29759,0,0,2
29939,0,0,2
30059,0,0,2
30239,2,0,0
30419,1,0,0
30539,0,0,1
30719,0,2,0
30899,0,0,2
31079,2,0,0
31199,2,0,0
31379,1,0,0
31559,0,1,0
31679,0,1,0
31859,0,2,0
32039,0,0,2
32159,0,0,1
32339,0,0,2
32459,0,1,0
32699,1,2,2
32819,1,2,1
32939,2,1,2
33059,1,1,1
33179,1,1,1
33299,1,2,2
33419,2,2,1
33539,1,1,1
33659,1,2,1
33779,1,2,1
33899,2,1,1
34019,1,1,1
34139,2,2,1
34259,2,2,1
34379,2,1,1
34499,2,1,1
34619,2,2,2
34739,2,1,2
34859,1,2,2
34979,1,2,2
35099,2,2,1
35219,1,1,1
35339,1,2,2
35459,2,1,2
35579,1,2,2
35699,1,1,1
35819,2,2,1
35939,1,1,1
36059,2,1,1
36179,1,1,1
36299,1,2,1
36419,1,2,1
36539,1,1,2
36659,2,2,1
36779,2,1,2
36899,1,2,1
37019,1,1,1
37139,1,1,1
37259,2,2,2
37379,1,1,2
37499,1,2,1
37619,1,2,1
37739,1,2,1
37859,2,1,1
37979,1,1,2
38099,2,1,2
38219,1,1,2
38339,2,1,1
38459,2,2,1
38579,1,2,1
38699,2,2,1
38819,1,1,2
38939,1,2,2
39059,2,2,2
39179,1,1,2
39299,2,2,2
39419,1,2,2
39539,2,1,2
39659,1,2,1
39779,1,1,1
39899,1,2,1
40019,2,2,1
40139,1,1,1
40259,2,1,2
40499,0,1,0
40619,1,0,0
40799,1,0,0
40979,0,1,0
41099,0,0,1
41279,2,0,0
41459,2,0,0
41579,0,0,1
41759,0,2,0
41939,1,0,0
42059,0,2,0
42239,0,0,1
42419,0,0,2
42599,0,0,2
42719,0,1,0
42899,2,0,0
43079,0,0,1
43199,0,0,1
43379,2,0,0
43559,0,0,2
43679,1,0,0
43859,0,0,2
43979,0,0,1
44159,0,1,0
44339,0,1,0
44459,0,0,2
44639,1,0,0
44819,0,2,0
44939,2,0,0
45119,2,0,0
45299,0,2,0
45419,2,0,0
45599,0,1,0
45779,2,0,0
45899,0,2,0
46079,1,0,0
46259,1,0,0
46439,1,0,0
46559,0,1,0
46739,0,1,0
46919,0,0,2
47039,0,0,2
47219,1,0,0
47399,1,0,0
47519,2,0,0
47699,0,0,1
47819,0,0,1
49919,2,2,1
50459,0,2,0
50579,0,0,2
50759,2,0,0
50879,0,0,1
51419,0,0,1
51539,0,1,0
51659,1,0,0
51779,0,0,2
51959,2,0,0
52139,0,1,0
52259,0,2,0
52379,1,0,0
52499,0,2,0
52619,0,2,0
52739,0,2,0
52859,2,0,0
52979,0,1,0
53099,0,1,0
53219,2,0,0
53339,0,2,0
53459,1,0,0
53639,0,0,1
53759,0,0,1
53879,0,1,0
54059,0,0,1
54179,0,0,1
54359,0,0,2
54539,1,0,0
54659,0,0,2
54839,0,0,2
55019,0,1,0
55139,0,0,1
55259,0,0,1
55379,1,0,0
55739,1,2,1
55859,1,1,2
55979,1,1,1
56099,2,2,2
56219,1,1,1
56339,1,2,2
56459,1,1,1
56579,2,1,2
56699,1,2,2
56819,1,1,1
56939,1,1,1
57059,1,2,1
57179,2,2,2
57299,2,1,2
57419,2,1,1
57539,2,2,1
57659,1,1,1
57779,2,2,1
57899,1,1,1
58019,2,2,1
58139,2,2,2
58259,1,1,2
58379,2,2,2
58499,2,2,2
58619,1,1,1
58739,1,2,2
58859,1,2,1
58979,1,2,2
59099,2,1,2
59219,1,2,1
59339,1,2,2
59459,1,1,2
59579,1,2,2
59699,2,2,1
59819,2,1,2
59939,2,1,1
60059,1,2,2
60179,2,2,1
60299,2,2,1
60419,2,1,1
60539,1,2,1
60659,2,2,1
60779,1,2,1
60899,2,1,2
61019,1,1,1
61139,1,1,1
61259,2,2,1
61379,2,1,1
61499,1,2,2
61619,1,1,1
61739,2,2,1
61859,2,2,2
61979,1,1,1
62099,1,2,2
62219,1,1,2
62339,2,2,1
62459,1,2,1
62579,1,2,2
62699,1,1,1
62819,2,1,2
62939,1,2,1
63059,2,1,1
63179,2,1,2
63299,2,1,2
63419,2,0,0
63539,0,0,2
63659,2,0,0
63779,0,0,1
63899,0,0,2
64019,0,0,2
64139,0,2,0
64259,1,0,0
64379,2,0,0
64499,0,0,2
64619,0,0,1
64739,2,0,0
64859,0,1,0
64979,2,0,0
65099,2,0,0
65219,0,1,0
65339,0,2,0
65459,0,1,0
65579,0,1,0
65699,0,2,0
65819,1,0,0
65939,1,0,0
66119,2,0,0
66239,1,0,0
66359,0,0,2
66479,0,2,0
66599,2,0,0
66719,2,0,0
66839,2,0,0
66959,1,0,0
67079,2,0,0
67199,0,2,0
67319,0,0,2
67439,1,0,0
67559,0,0,2
67679,1,0,0
67799,0,0,1
67979,0,0,1
68099,0,1,0
68219,1,0,0
68339,0,0,1
68459,1,0,0
68579,1,0,0
68699,0,2,0
68819,0,0,2
68939,0,0,2
69059,0,0,1
69179,0,0,1
69299,0,2,0
69419,0,1,0
69539,0,0,1
69659,0,2,0
69779,0,2,0
69959,0,2,0
70079,2,0,0
70199,0,2,0
70319,1,0,0
70439,2,0,0
70559,0,0,1
70679,2,0,0
70799,0,0,2
70919,0,2,0
71039,0,0,1
71159,1,0,0
71279,0,0,2
71399,0,2,0
71519,0,1,0
71639,0,0,2
71759,0,0,1
71879,2,0,0
71999,0,0,1
72119,1,0,0
72239,0,0,1
72359,0,0,2
72479,0,0,2
72599,1,0,0
72719,0,2,0
72839,1,0,0
72959,0,0,2
73079,1,0,0
73199,2,0,0
73319,0,0,2
73439,0,1,0
73559,0,0,2
73679,0,1,0
73799,0,1,0
73919,1,0,0
74039,0,0,2
74159,0,0,2
74279,0,0,2
74399,0,0,1
74519,0,1,0
74639,0,0,1
74759,1,0,0
74879,2,0,0
74999,0,1,0
75119,0,0,1
75239,0,0,2
75359,2,0,0
75479,0,0,2
75599,0,1,0
75719,0,2,0
75839,0,2,0
75959,0,0,2
76079,0,0,2
76199,2,0,0
76319,2,0,0
76439,2,0,0
76559,0,2,0
76679,1,0,0
76799,0,0,2
76919,0,1,0
77039,2,0,0
77159,0,0,2
77279,0,2,0
77399,2,0,0
77519,0,0,2
77639,1,0,0
77759,0,0,1
77879,1,0,0
77999,0,2,0
78119,0,1,0
78239,2,0,0
78359,0,1,0
78479,0,1,0
78599,0,1,0
78719,0,0,2
78839,0,1,0
79019,1,0,0
79139,0,2,0
79319,0,0,2
79499,1,0,0
79619,2,0,0
79799,0,0,1
79979,0,1,0
80099,0,0,1
80279,0,0,2
80459,2,0,0
80579,2,0,0
80759,0,0,2
80939,0,0,2
81059,1,0,0
81239,0,1,0
81419,1,0,0
81539,0,2,0
81719,0,0,2
81899,1,0,0
82019,2,0,0
82139,2,0,0
82259,0,0,2
82559,0,0,2
82679,0,0,1
82859,0,0,1
82979,0,0,1
83159,1,0,0
83339,0,0,2
83459,0,0,1
83639,0,1,0
83819,0,0,1
83939,1,0,0
84119,0,0,2
84299,2,0,0
84419,0,1,0
84599,1,0,0
84779,0,2,0
84899,1,0,0
85079,0,1,0
85259,2,0,0
85379,1,0,0
85559,2,0,0
85739,0,0,1
85859,0,1,0
86027,1,0,0
86135,0,0,2
86243,0,2,0
86351,0,2,0
86459,1,0,0
86567,0,0,2
86711,0,0,2
86855,0,1,0
88007,0,1,0
